P2
# CREATOR: Image Processing using C-Ansi - ByDu
100  30
255
 65  66  66  66  66  66  67  68  68  68  68  69  69  68  68  67  67  67  66  66  66  65  65  65  65  64  64  64  65  65  65  65  66  66  66  67  67  67  67  68  68  68  68  68  69  70  70  70  70  70  71  71  71  72  73  73  73  73  73  72  71  69  67  65  64  61  59  56  55  55  54  53  52  51  51  49  49  50  49  47  46  44  43  43  41  41  41  40  39  37  35  34  35  37  41  47  55  64  72  78 
 62  63  63  64  64  64  65  66  66  66  67  67  67  67  67  67  67  66  66  66  65  65  65  65  64  64  65  65  64  65  65  65  65  65  66  67  67  67  67  67  68  68  68  68  69  69  69  70  69  70  69  70  70  71  71  72  72  73  73  76  82  89  96 101 102 103 108 108 107 103 103  86  74  66  57  49  46  45  44  43  42  42  42  42  41  41  41  40  38  36  35  35  35  37  38  40  41  43  45  50 
 59  60  61  61  61  62  62  62  62  63  63  63  63  63  63  63  64  63  63  63  64  64  63  63  63  64  63  64  64  64  64  65  65  65  66  67  67  67  67  68  68  68  69  69  69  69  69  70  70  70  70  70  71  79 106 144 167 192 214 230 236 237 237 238 240 241 242 242 242 242 242 242 242 240 233 216 192 162 130  88  61  43  41  43  43  44  44  43  43  42  41  39  36  35  35  36  37  38  39  39 
 57  58  59  59  59  59  59  59  60  60  60  60  60  60  61  61  60  61  60  60  61  61  60  60  60  61  61  61  61  61  61  62  63  64  64  65  65  68  70  70  71  70  68  68  69  69  69  69  72  96 134 169 203 228 234 234 233 232 232 232 232 232 232 232 233 234 235 234 234 235 235 234 234 234 234 236 237 239 240 240 234 207 167 122  76  49  52  48  46  44  48  49  44  41  36  35  34  33  33  32 
 56  56  56  57  57  57  57  57  57  57  58  58  58  58  58  58  59  58  58  58  59  58  58  59  58  59  59  59  59  59  59  59  60  61  61  62  62  62  63  64  64  66  73  78  78  92 120 158 205 234 237 235 232 228 225 223 223 223 221 221 222 222 222 222 221 221 221 221 220 219 219 220 220 220 221 222 223 225 226 228 230 231 231 231 231 211 160 116  71  63  60  51  47  43  38  34  29  26  25  25 
 56  56  56  56  56  57  57  56  57  57  57  56  56  57  57  57  57  57  56  56  57  57  56  56  56  57  57  57  57  57  57  57  58  58  59  60  60  61  62  62  63  76 117 164 201 231 239 238 237 235 231 227 224 223 225 225 222 219 218 217 215 214 211 210 209 208 208 208 208 210 213 214 214 215 215 215 218 221 221 220 219 220 222 223 223 224 226 227 221 185 123  66  38  32  28  25  23  23  26  27 
 56  55  56  56  56  57  56  56  56  57  57  57  57  57  57  57  57  56  56  56  56  56  56  56  56  56  56  56  56  56  56  56  56  57  57  59  61  65  79 115 164 217 233 226 232 237 235 235 235 233 232 231 228 225 223 222 220 217 214 213 213 212 209 208 206 204 202 203 204 207 211 212 213 212 213 214 214 213 215 221 226 226 224 220 217 214 216 217 217 216 219 221 186 116  53  34  31  27  26  28 
 56  56  56  56  56  57  56  56  57  56  57  57  57  57  57  57  57  56  56  56  56  56  56  55  56  56  56  56  56  56  57  57  58  61  67  88 111  95  77 131 204 218 205 217 235 238 237 232 225 218 209 202 179 155 171 191 198 201 203 208 214 215 213 211 209 206 205 206 209 211 212 209 206 200 199 197 193 186 185 190 200 208 215 221 226 224 219 213 209 208 204 201 207 207 179 105  55  44  37  31 
 56  56  57  57  57  57  57  57  57  57  58  57  57  57  57  58  58  57  57  57  57  58  58  58  59  60  61  63  64  66  67  68  71  76 115 141  72  28  22  58 160 191 212 233 232 212 170 129 103  92  95  99  71  41  85 147 173 184 195 206 213 218 220 219 217 216 216 217 219 219 218 212 204 193 184 177 171 159 151 131 114 117 124 148 180 205 211 217 211 203 203 197 191 182 120  42  37  51  62  41 
 57  57  58  58  58  58  58  58  58  59  59  60  61  61  62  63  64  64  65  66  67  69  71  72  74  76  78  80  82  84  86  87  88 121 158  66  31  12  13  56 143 203 233 226 165  56  17  22  26  30  33  23  41  63 116 167 187 199 210 216 219 221 223 225 225 225 225 226 225 224 223 220 215 208 199 188 176 166 146  49  18  37  37  30  24  35  94 173 202 207 203 199 190 167  80  16  12  25  50 133 
 60  61  63  64  65  65  66  67  69  70  71  72  74  75  76  77  78  79  81  82  84  85  87  89  91  93  96  98 100 102 103 107 146 213 163  46  26   9  23  91 182 227 225 162  52  28  31  12  13  15  19  16  67 120 173 191 205 218 227 229 231 233 235 236 239 239 238 237 237 236 234 232 226 217 207 199 191 169 116  38  22  19  20  13  25  35  23  52 147 193 201 201 195 177  93  17   7  16  26  79 
 72  75  76  77  78  80  81  82  83  85  86  88  89  90  91  92  94  95  96  97  99 101 102 104 106 108 110 112 114 117 127 169 224 228 179  37  20   8  32 127 204 222 198 135  76  58  41  41  47  70  95 127 169 206 212 223 234 237 236 234 233 234 234 236 239 239 239 238 238 238 238 237 236 231 221 211 205 200 169 143 103  60  39  32  34  34  49  70 113 177 190 198 198 191 144  40  10  14  31  75 
 89  90  91  92  93  95  96  97  97  98  99 101 101 102 102 104 105 106 107 108 109 110 111 112 113 115 116 120 143 168 182 221 224 170 128  56  14  16  52 145 195 204 198 161 111 114 133 144 159 174 186 195 216 227 235 237 235 233 231 227 224 221 220 219 221 223 223 226 228 229 230 231 232 232 230 222 216 210 205 195 187 183 162 135 122 122 134 151 178 187 184 189 191 190 160  49  27  45  53 161 
103 104 105 106 106 108 109 109 109 109 109 109 109 109 108 108 109 107 107 106 106 105 105 105 104 106 135 192 213 201 224 225 187  96 117  90  25  27  65 165 198 196 200 186 173 166 169 172 180 185 197 216 229 233 230 225 219 209 194 183 169 159 166 161 148 136 128 133 153 186 201 206 208 214 221 225 219 212 208 204 195 185 185 178 180 179 179 183 190 195 188 188 189 191 169  63  71 132 140 180 
113 113 113 113 113 113 112 111 110 107 106 104 103 101  99  98  96  94  92  90  89  88  87  90 124 191 232 233 228 227 226 205 159 113 118  99  50  29 103 188 199 194 197 182 179 180 171 175 181 197 209 227 230 221 200 183 174 137  99  58  44  38  42  43  44  45  46  44  50  58  75 128 167 178 195 211 218 214 204 200 201 196 187 183 182 184 184 185 187 195 190 191 195 197 173  79 152 176 178 189 
110 109 107 106 104 103 101  99  96  94  92  90  88  86  83  80  78  75  73  71  70  69  95 181 231 232 224 216 214 215 205 194 184 171 156 140 112  98 124 187 192 192 193 179 178 183 190 201 206 206 214 196 216 196 168 151 124  41  54  49  11   6   7   8   7   8   9  11  11  13  30 109 155 164 176 187 202 210 205 199 196 201 204 200 195 190 182 180 182 191 188 190 196 198 189 126 183 182 185 187 
 94  93  91  90  88  86  84  81  79  78  76  74  72  69  66  63  60  58  56  55  56  96 196 227 221 207 195 194 195 195 189 186 192 193 183 177 166 156 120 178 177 174 191 186 191 198 202 189 195 228 218 205 200 183 166 169 134  74  25  15   9   7   8   7   7   7  10  10  13  34 113 147 165 171 173 175 185 198 206 209 198 186 187 194 195 192 190 186 186 184 183 183 192 192 179 159 184 185 190 193 
 75  74  73  72  70  69  66  64  63  63  62  61  59  56  53  51  49  48  47  67 137 208 223 207 190 166 150 158 161 167 166 172 188 196 187 186 176 166 115 162 161 146 166 186 182 186 177 169 225 219 206 193 185 172 154 132 111  84  33  16  13  13  17  11  10   9  11  19  32  70 101 118 140 154 167 173 175 179 187 195 200 188 169 177 184 185 187 188 186 173 165 174 186 181 145 172 183 187 193 190 
 55  56  56  56  56  55  54  52  53  56  57  57  57  56  54  53  52  54 106 152 162 181 180 155 123 103  73  82  91 116 154 168 182 187 183 181 172 164  96 103 135 135 149 194 189 189 180 216 225 205 186 170 161 150 130 116 101  82  72  64  50  33  17  15  16  25  44  57  66  78  91 107 123 139 150 159 168 171 182 189 194 198 189 176 177 180 184 185 177 164 159 167 166 142 112 180 186 191 193 189 
 45  48  50  52  54  55  55  56  57  59  62  63  64  63  63  62  63 102 111  97  90 107 113  94  67  60  55  54  57  72 116 148 179 187 186 187 178 161 102  73 107 130 149 182 188 198 217 220 208 188 171 156 149 129 117 106  95  90  83  83  84  82  74  46  50  78  83  85  87  88  89 101 108 124 138 148 155 158 169 176 183 190 202 197 177 176 178 178 164 161 163 155 126  95  89 180 184 189 196 195 
 48  52  56  58  60  60  59  59  61  63  66  67  68  68  67  66  71 103 117  71  52  53  56  60  54  46  45  51  52  51  70 137 175 185 186 182 183 143 113 106 106 114 119 140 199 218 210 205 199 188 159 142 124 113 112 104  96  86  74  68  63  56  51  40  30  27  39  50  64  72  78  96 107 120 121 137 149 156 159 163 176 188 196 198 193 176 175 165 157 157 150 130 109  87 106 182 183 190 195 197 
 55  58  59  61  62  62  61  60  62  63  65  67  69  69  68  67  65  66 110  96  47  30  40  39  37  36  37  62  84  82  98 153 177 187 194 193 182 141  98  85  95 115 129 153 206 199 196 192 182 166 149 129 116 103  93  78  68  69  73  77  79  80  82  83  79  83  82  83  81  82  77  74  78  96 114 123 138 158 162 171 176 188 190 183 178 182 179 169 160 149 135 119 105  85 136 184 184 187 193 198 
 57  59  60  62  61  60  59  59  60  61  64  66  67  68  68  66  64  61  60  68  63  62  61  52  50  49  74  95 103 113 122 149 176 193 195 181 160 117 120 117 114 111 110 123 183 166 146 156 153 135 120 107  96  94  96  87  82  88  95  95  89  89  89  91  92  95  92  94  98 100 102 105 107 108 104 107 111 126 139 151 164 170 161 152 168 182 185 162 147 137 124 112  96  99 108 188 193 193 194 199 
 58  59  60  60  61  59  58  58  59  61  64  66  68  68  68  67  64  61  57  52  46  43  47  65  71  70  75  73  67  73 104 142 167 185 176 159 118  96 128 123 114 111 105  91 130 171 131 120 127 116  98 113 124 117 113 111 107 110 108 106 101 105 106 104 104 103 107 107 112 120 117 117 119 121 124 127 132 131 122 130 148 146 130 151 168 173 169 150 139 130 121 119 116 113  76 128 195 198 198 197 
 57  57  58  58  58  57  56  56  58  61  64  66  67  68  68  67  66  62  57  53  47  42  38  37  37  38  49  62  68  70  87 122 141 162 157 119  82  74  93 114  99  89  79  84 101 132 160 147 136 129 113 106 123 138 134 130 132 131 128 126 127 128 128 127 127 125 127 129 133 137 137 138 139 140 143 148 150 136 129 143 161 157 156 163 158 153 144 137 129 125 125 127 124 105  39  28 124 192 199 197 
 57  57  57  56  55  54  53  52  54  57  61  64  66  67  67  66  64  62  59  54  49  44  41  40  40  41  43  45  46  48  50  63  81 120 122  71  67  68  74  78  90 100  54  29  38  79 140 147 135 129 122 118 119 122 125 127 126 127 130 132 135 138 140 142 142 141 142 144 145 145 147 147 146 145 145 144 139 141 149 156 158 154 151 145 136 130 128 131 137 141 142 138 123  64  22  20  22  91 177 193 
 56  55  54  52  51  51  51  51  53  56  60  63  66  67  67  65  63  61  59  54  50  47  44  43  44  46  48  49  51  51  52  53  55  58  61  64  71  70  65  61  92 155 131 100  81  81 114 140 130 118 112 104  94  84  88  98 105 105 106 109 116 121 121 114 108 111 131 141 146 145 139 134 131 134 140 139 129 126 129 128 127 125 125 128 135 141 145 149 150 149 140 104  53  34  33  25  22  24  84 129 
 54  52  50  49  48  49  49  50  53  56  59  62  65  66  66  64  61  58  54  50  47  45  44  45  46  49  50  51  52  54  56  57  59  67  68  64  56  55  54  56 117 168 147 129 118 111 110 128 140 139 126 114 106  97  87  81  79  82  87  97 102 106 112 111 108 106 118 120 118 113 116 121 127 131 126 112  99  96 101 108 118 127 135 141 144 144 141 135 130 125 110  88  72  46  30  31  30  31  30  32 
 52  52  52  51  49  48  47  48  52  55  57  59  60  60  58  58  56  53  50  48  45  44  44  45  47  49  51  54  56  57  57  60  65  59  57  56  55  54  52  55 104 166 156 143 132 127 124 122 122 128 129 122 114 107 100  93  88  81  69  71  78  85  89  90  92  89  88  87  84  69  80  85  92  95  96  94  88  82  78  86 105 114 113 110 103 101 105 105 114 120 126 131 140 124  53  27  25  26  30  36 
 52  52  52  52  50  48  47  48  52  56  57  59  59  58  57  56  54  52  49  46  44  43  44  45  48  52  55  56  56  57  60  60  60  60  59  58  56  55  55  87 172 199 167 150 139 130 123 121 119 116 113 110 105  99  95  88  80  71  69  71  73  67  62  55  48  40  35  32  26  20  22  33  47  56  60  60  65  60  57  62  84  90  91  90  90  79  79  79  89 106 123 132 136 120  51  25  24  26  27  30 
